inst/vignette_data/depth_ker.asc
NCOLS 180 
NROWS 100 
XLLCORNER 63 
YLLCORNER -56 
CELLSIZE 0.1 
NODATA_value -1.7e+308 
[rows 40 to 59 of 100, columns 46 to 91 of 180]
-1589.41662597656 -1392.33337402344 -1262.27783203125 -946.111083984375 -572.5 -280.416656494141 -244.611114501953 -231.16667175293 -208.805557250977 -213.638885498047 -206.777770996094 -155.58332824707 -148.66667175293 -197.861114501953 -219.305557250977 -217.305557250977 -217.75 -200.944442749023 -173.66667175293 -150.08332824707 -187.194442749023 -176.444442749023 -185.972229003906 -176.611114501953 -174.444442749023 -196.777770996094 -222.611114501953 -247.16667175293 -303.333343505859 -323.527770996094 -368.388885498047 -480.055541992188 -668.777770996094 -698.083312988281 -649.527770996094 -625.194458007812 -597.111083984375 -600.694458007812 -566.305541992188 -501.194458007812 -582.166687011719 -566.666687011719 -493.638885498047 -503.333343505859 -508.805541992188 -516.972229003906
-1592.19445800781 -1524.91662597656 -1451.77783203125 -1332.52783203125 -1150.86108398438 -929.055541992188 -796.916687011719 -690.583312988281 -525.972229003906 -295.222229003906 -224.66667175293 -213.16667175293 -311.472229003906 -386.555541992188 -360.833343505859 -328.5 -334.444458007812 -250.08332824707 -185.388885498047 -234.5 -334.888885498047 -292.944458007812 -233.027770996094 -290.361114501953 -324 -347.722229003906 -355.75 -350.75 -405.277770996094 -522.194458007812 -645.416687011719 -693.166687011719 -669.416687011719 -613.583312988281 -618.277770996094 -599.805541992188 -584.583312988281 -582.083312988281 -589.194458007812 -573.75 -537.666687011719 -527.305541992188 -494.888885498047 -501.5 -538.75 -541.333312988281
-1574.88891601562 -1554.13891601562 -1542.63891601562 -1418.66662597656 -1311.30554199219 -1215.63891601562 -1246.22216796875 -1188.88891601562 -1013.97222900391 -591.138916015625 -165.277770996094 -154.888885498047 -346.416656494141 -441.583343505859 -438.055541992188 -437.722229003906 -374.527770996094 -273.888885498047 -246.138885498047 -304.444458007812 -337.305541992188 -320.75 -420.083343505859 -468.833343505859 -482.666656494141 -502.666656494141 -491.138885498047 -469.694458007812 -610.277770996094 -718.916687011719 -708.972229003906 -685.805541992188 -675.805541992188 -665.472229003906 -622.722229003906 -610.638916015625 -606.555541992188 -585.972229003906 -604.111083984375 -566.777770996094 -535.055541992188 -580.694458007812 -547.305541992188 -535.111083984375 -543.361083984375 -549.583312988281
-1629.94445800781 -1537.22216796875 -1513.27783203125 -1449.75 -1409.02783203125 -1416.36108398438 -1351.69445800781 -1345.02783203125 -1233.66662597656 -687.388916015625 -267.083343505859 -318.555541992188 -550.472229003906 -584.944458007812 -517.472229003906 -519.944458007812 -422.916656494141 -277.75 -226.777770996094 -247.027770996094 -199.194442749023 -219.25 -338.388885498047 -456.888885498047 -523.555541992188 -602.277770996094 -658.805541992188 -705.666687011719 -763.722229003906 -748.333312988281 -593.138916015625 -506.083343505859 -631.916687011719 -690.333312988281 -632.083312988281 -636.472229003906 -649.861083984375 -614.444458007812 -599.305541992188 -533.444458007812 -549.583312988281 -575.805541992188 -583.805541992188 -530.194458007812 -526.055541992188 -514.083312988281
-1669.25 -1591.88891601562 -1548.13891601562 -1523.66662597656 -1469.22216796875 -1518.16662597656 -1571.22216796875 -1603.55554199219 -1534.61108398438 -1304.77783203125 -1290.66662597656 -1350.08337402344 -1384.11108398438 -1268.55554199219 -1067.5 -989.138916015625 -795.416687011719 -451.138885498047 -314.194458007812 -260.944458007812 -140.611114501953 -201.888885498047 -315.25 -504.916656494141 -694.583312988281 -820 -873.277770996094 -897.416687011719 -832.138916015625 -753.722229003906 -672.194458007812 -508.722229003906 -599.861083984375 -703.277770996094 -714.805541992188 -670.222229003906 -617.694458007812 -594.277770996094 -604.222229003906 -566.888916015625 -544.611083984375 -525.222229003906 -511.166656494141 -493.222229003906 -507.222229003906 -502.194458007812
-1690.33337402344 -1673.25 -1601.69445800781 -1560.77783203125 -1554.05554199219 -1559.69445800781 -1632.75 -1731.02783203125 -1742.27783203125 -1749.66662597656 -1791.08337402344 -1793.38891601562 -1754.80554199219 -1705.80554199219 -1622.86108398438 -1497.97216796875 -1136.80554199219 -654.888916015625 -351.805541992188 -264.611114501953 -307.305541992188 -406.5 -629 -755.194458007812 -828.722229003906 -805.555541992188 -808.833312988281 -830.138916015625 -794.722229003906 -743.194458007812 -681.833312988281 -610.777770996094 -602.944458007812 -632.916687011719 -686.611083984375 -647.388916015625 -576.555541992188 -566.638916015625 -579.666687011719 -595.194458007812 -558.361083984375 -560.361083984375 -542.388916015625 -510.416656494141 -487.777770996094 -448.555541992188
-1618.13891601562 -1645.58337402344 -1671.91662597656 -1604.33337402344 -1583.55554199219 -1577.75 -1687 -1809.36108398438 -1824.80554199219 -1907.5 -1933.19445800781 -1982.19445800781 -1946.94445800781 -1895.55554199219 -1884.25 -1756.08337402344 -1482.08337402344 -1251.52783203125 -1095.91662597656 -859.777770996094 -813.083312988281 -967.611083984375 -1089.08337402344 -1061.36108398438 -938.805541992188 -813.916687011719 -821.944458007812 -888.833312988281 -878.083312988281 -769.138916015625 -710.75 -675.333312988281 -606.027770996094 -586.277770996094 -631.166687011719 -619 -597.805541992188 -570.666687011719 -542.888916015625 -557.5 -558.333312988281 -605.333312988281 -580.055541992188 -530.083312988281 -535.222229003906 -499.722229003906
-1633.13891601562 -1588.25 -1626.44445800781 -1646.97216796875 -1630.36108398438 -1645.11108398438 -1694.44445800781 -1804.83337402344 -1852 -1925.33337402344 -2005.25 -2064.86108398438 -2071.83325195312 -2046.38891601562 -2068.75 -2066.22216796875 -2076.4443359375 -2001.80554199219 -1913.61108398438 -1711.5 -1542.52783203125 -1509.58337402344 -1452.05554199219 -1358.47216796875 -1176.16662597656 -897.111083984375 -762.972229003906 -884.444458007812 -980.111083984375 -926.277770996094 -875.527770996094 -826.333312988281 -755.666687011719 -738.916687011719 -733.083312988281 -666.888916015625 -609.75 -590.472229003906 -582.75 -585.972229003906 -558.416687011719 -557.222229003906 -552 -538.555541992188 -537.25 -521.583312988281
-1720.55554199219 -1755.08337402344 -1643.05554199219 -1685.55554199219 -1733.41662597656 -1752.63891601562 -1802.08337402344 -1870.08337402344 -1947.27783203125 -1950.11108398438 -2044.80554199219 -2138.08325195312 -2187.9443359375 -2123.83325195312 -2050.25 -2184.6943359375 -2207 -2130.72216796875 -2072.52783203125 -2003.22216796875 -1919.72216796875 -1815.02783203125 -1761.25 -1613.02783203125 -1223.30554199219 -790.833312988281 -520.222229003906 -571.944458007812 -749.972229003906 -865.916687011719 -874.027770996094 -867.25 -852.5 -817.333312988281 -777.277770996094 -713.166687011719 -687.5 -692.861083984375 -684 -649.583312988281 -634.194458007812 -625.805541992188 -584.055541992188 -567.888916015625 -568.944458007812 -591.833312988281
-1826.75 -1745.75 -1746.16662597656 -1781.5 -1778.77783203125 -1838.63891601562 -1854.11108398438 -1906.41662597656 -2045.02783203125 -2118.38891601562 -2153.4443359375 -2112.83325195312 -2133.9443359375 -2188.08325195312 -2157.0556640625 -2192.86108398438 -2189.25 -2217.61108398438 -2189.02783203125 -2104.33325195312 -2084.91674804688 -1961.97216796875 -1806.44445800781 -1451.94445800781 -896.138916015625 -521.388916015625 -271.972229003906 -171.611114501953 -422.527770996094 -651.944458007812 -696.583312988281 -681.333312988281 -708.111083984375 -719.222229003906 -783.555541992188 -814.194458007812 -788.555541992188 -782 -769.722229003906 -712.083312988281 -660.666687011719 -615.777770996094 -618.666687011719 -629.777770996094 -633.166687011719 -647.638916015625
-1828.41662597656 -1780.80554199219 -1829.61108398438 -1845.66662597656 -1827.72216796875 -1975.97216796875 -1978.13891601562 -2021.5 -2114.0556640625 -2116.86108398438 -2164.1943359375 -2121.3056640625 -2147.75 -2282.36108398438 -2283.36108398438 -2220.83325195312 -2302.33325195312 -2345.97216796875 -2323.4443359375 -2235.77783203125 -2162.77783203125 -1989.13891601562 -1572.13891601562 -982.222229003906 -621.944458007812 -476.555541992188 -291.861114501953 -114.638885498047 -154.611114501953 -342.5 -531.305541992188 -576.972229003906 -637.138916015625 -645.611083984375 -666.472229003906 -805.777770996094 -903.888916015625 -887.333312988281 -819.916687011719 -640.75 -402.972229003906 -274.777770996094 -351.527770996094 -480.194458007812 -612.361083984375 -692.138916015625
-1904.5 -1896.55554199219 -1961.86108398438 -1928.08337402344 -1912.69445800781 -2013.19445800781 -2058.66674804688 -2117.08325195312 -2140.8056640625 -2099 -2155.6943359375 -2182.86108398438 -2260.5556640625 -2378.38891601562 -2484.9443359375 -2458.47216796875 -2453.83325195312 -2431.72216796875 -2424.33325195312 -2328.72216796875 -2247.11108398438 -1959.58337402344 -1483.11108398438 -1008.86108398438 -785.861083984375 -669.027770996094 -437.944458007812 -119.472221374512 -3.13888883590698 -23.1388893127441 -144.777770996094 -303 -474.333343505859 -601.25 -561.888916015625 -673.083312988281 -884.666687011719 -959.944458007812 -831.666687011719 -506.805541992188 -138.472229003906 -15.1111106872559 -28.5 -130.805557250977 -407.361114501953 -693.777770996094
-2040.47216796875 -2088.5556640625 -1999.22216796875 -1952.33337402344 -2144.22216796875 -2104.1943359375 -2082.13891601562 -2211.83325195312 -2268.33325195312 -2244.5556640625 -2263.38891601562 -2385.02783203125 -2378.08325195312 -2406.0556640625 -2567.75 -2540.4443359375 -2524.9443359375 -2467.8056640625 -2419.6943359375 -2304.8056640625 -2102.75 -1891.91662597656 -1816.77783203125 -1637.36108398438 -1258.41662597656 -896.055541992188 -609.777770996094 -274.416656494141 -46.6666679382324 -4.08333349227905 -2.77777767181396 -9.33333301544189 -49.9722213745117 -249.305557250977 -377.777770996094 -567.805541992188 -864.361083984375 -989.166687011719 -867.472229003906 -522.222229003906 -191.75 -22.8333339691162 -11.8055553436279 -55.3611106872559 -317.027770996094 -627.472229003906
-2106.4443359375 -2120.97216796875 -2037.47216796875 -2028.19445800781 -2187.5556640625 -2236.36108398438 -2330.1943359375 -2402.88891601562 -2423.38891601562 -2373.41674804688 -2311.3056640625 -2435 -2490.83325195312 -2520.58325195312 -2556.83325195312 -2574 -2544.0556640625 -2519.11108398438 -2399.25 -2233.66674804688 -2015.88891601562 -1772.22216796875 -1700.55554199219 -1525.41662597656 -1305.25 -1073 -796.916687011719 -568.444458007812 -352.111114501953 -261.583343505859 -222.027770996094 -109.416664123535 -22.9166660308838 -30 -284.666656494141 -569 -819.444458007812 -1000.80554199219 -1073.97216796875 -948.722229003906 -633.944458007812 -415.777770996094 -285.472229003906 -257.083343505859 -438.055541992188 -689.777770996094
-2187.47216796875 -2174.0556640625 -2177.8056640625 -2236.58325195312 -2383.22216796875 -2499.08325195312 -2558.6943359375 -2613.5556640625 -2658.16674804688 -2594.83325195312 -2355.58325195312 -2334.08325195312 -2490.4443359375 -2575.27783203125 -2617.36108398438 -2742.8056640625 -2610 -2502.83325195312 -2403.02783203125 -2104.66674804688 -1820.13891601562 -1681.69445800781 -1563.88891601562 -1431.33337402344 -1354.11108398438 -1286.55554199219 -1069.13891601562 -744.194458007812 -526.388916015625 -488.027770996094 -519.916687011719 -475.472229003906 -335.055541992188 -254.222229003906 -436.333343505859 -700.916687011719 -960.083312988281 -1202.19445800781 -1293.44445800781 -1247.83337402344 -1100.41662597656 -894.611083984375 -799.5 -766.083312988281 -775.472229003906 -817.944458007812
-2467.88891601562 -2507.5 -2616.91674804688 -2664.38891601562 -2663.88891601562 -2705.4443359375 -2751.22216796875 -2898.66674804688 -2910.97216796875 -2815.5 -2544.6943359375 -2611.91674804688 -2700.33325195312 -2763.5556640625 -2764.5 -2752.9443359375 -2568.52783203125 -2332.5556640625 -2106.6943359375 -1852.44445800781 -1674.05554199219 -1609.36108398438 -1504.61108398438 -1405.75 -1400.61108398438 -1324.97216796875 -1179.77783203125 -824.138916015625 -385.083343505859 -388.666656494141 -719.361083984375 -859.75 -832.777770996094 -812.166687011719 -1006.19445800781 -1297.88891601562 -1430 -1453.58337402344 -1419.44445800781 -1314.88891601562 -1195.61108398438 -1097.22216796875 -1062.22216796875 -946.277770996094 -888.083312988281 -907.916687011719
-2671.8056640625 -3152.6943359375 -3305.4443359375 -3175.52783203125 -2973.8056640625 -3028.13891601562 -3075.8056640625 -3042.8056640625 -2996.88891601562 -2768.13891601562 -2639 -2850.36108398438 -2733.8056640625 -2615.1943359375 -2553.13891601562 -2434.91674804688 -2338.08325195312 -2118.91674804688 -1901.25 -1731.5 -1581.61108398438 -1529.30554199219 -1551.11108398438 -1545.97216796875 -1587.19445800781 -1626 -1574.02783203125 -1268.94445800781 -762.361083984375 -807.194458007812 -1424.36108398438 -1849.55554199219 -1907.69445800781 -1823.55554199219 -1745.97216796875 -1680.36108398438 -1649.11108398438 -1546.63891601562 -1400.16662597656 -1320.55554199219 -1291.5 -1231.19445800781 -1158.27783203125 -1059.5 -990.083312988281 -951.222229003906
-3402 -3592.36108398438 -3609.33325195312 -3511.75 -3246.83325195312 -3179.3056640625 -3081.33325195312 -2950.77783203125 -2876.8056640625 -2747 -2777.75 -2773.52783203125 -2541.72216796875 -2375.52783203125 -2356.5 -2150.83325195312 -1984.5 -1889.88891601562 -1828.22216796875 -1653.27783203125 -1638 -1799.05554199219 -1998.19445800781 -2081.72216796875 -2210.72216796875 -2210.86108398438 -2310.58325195312 -2242.13891601562 -1999.27783203125 -2057.5556640625 -2398.77783203125 -2588.97216796875 -2547.22216796875 -2350.41674804688 -1983.33337402344 -1592.86108398438 -1483.75 -1418.22216796875 -1231.97216796875 -1128.91662597656 -1156.61108398438 -1152.80554199219 -1119.94445800781 -1084.63891601562 -972.111083984375 -862.555541992188
-3741.5 -3538.83325195312 -3372.36108398438 -3242.16674804688 -3305.9443359375 -3369.63891601562 -3287.0556640625 -3285.02783203125 -3300.5556640625 -3206.22216796875 -3032.75 -2701.47216796875 -2389.6943359375 -2220.11108398438 -2223.88891601562 -2116.25 -1990.47216796875 -1875.33337402344 -1790.72216796875 -1728.86108398438 -1905.25 -2106.08325195312 -2380.72216796875 -2589.97216796875 -2756.6943359375 -2734.47216796875 -2738.0556640625 -2847.88891601562 -3065.77783203125 -3108.4443359375 -3111.08325195312 -2998.61108398438 -2703.22216796875 -2385.5556640625 -1728.72216796875 -977.166687011719 -633.5 -567.444458007812 -620.583312988281 -847.972229003906 -970.944458007812 -993.944458007812 -955.527770996094 -967.305541992188 -910.472229003906 -780.166687011719
-3705.4443359375 -3607.02783203125 -3355.22216796875 -3183.97216796875 -3258.4443359375 -3492.61108398438 -3629.1943359375 -3667.11108398438 -3673.77783203125 -3531.02783203125 -3213.16674804688 -2927.11108398438 -2629.9443359375 -2550.33325195312 -2490.38891601562 -2304.91674804688 -2105.13891601562 -1991.77783203125 -1992.05554199219 -2057 -2263.61108398438 -2553.11108398438 -2809.63891601562 -2935.5 -3078.83325195312 -3029.97216796875 -3018 -3111.13891601562 -3133.22216796875 -3112.47216796875 -3087.41674804688 -2884.6943359375 -2547.0556640625 -2173.52783203125 -1686.91662597656 -880.916687011719 -297.138885498047 -171.222229003906 -180.58332824707 -570.777770996094 -891.277770996094 -867.138916015625 -820.638916015625 -812.888916015625 -801 -758.083312988281
