inst/vignette_data/depth_ker.asc
NCOLS 180 
NROWS 100 
XLLCORNER 63 
YLLCORNER -56 
CELLSIZE 0.1 
NODATA_value -1.7e+308 
[rows 80 to 99 of 100, columns 0 to 45 of 180]
-4651.9443359375 -4679.1943359375 -4675.638671875 -4654.16650390625 -4723.611328125 -4757.5556640625 -4687.25 -4695.75 -4732.638671875 -4627.638671875 -4584.611328125 -4574.638671875 -4592.47216796875 -4537.77783203125 -4410.91650390625 -4396.75 -4513.6943359375 -4587.02783203125 -4613.388671875 -4540.9443359375 -4482.388671875 -4557.08349609375 -4598.1943359375 -4576.9443359375 -4545.861328125 -4524.16650390625 -4534.5 -4551.25 -4534.08349609375 -4537.111328125 -4483.83349609375 -4549.47216796875 -4637.6943359375 -4540.97216796875 -4564.138671875 -4605.1943359375 -4532.08349609375 -4498.47216796875 -4563.72216796875 -4578.91650390625 -4500.27783203125 -4420.888671875 -4391.25 -4422.33349609375 -4461.83349609375 -4397.361328125
-4697.861328125 -4622.41650390625 -4587.138671875 -4658.5556640625 -4764.77783203125 -4837.91650390625 -4795.611328125 -4681.138671875 -4590.47216796875 -4526.388671875 -4604.3056640625 -4646.22216796875 -4666.1943359375 -4662.388671875 -4547.02783203125 -4461.16650390625 -4505.47216796875 -4608.5 -4628.611328125 -4547.08349609375 -4492.41650390625 -4560.25 -4552.861328125 -4537.77783203125 -4611.83349609375 -4630.3056640625 -4575.66650390625 -4588.33349609375 -4642.77783203125 -4654.638671875 -4589.111328125 -4551.111328125 -4575.4443359375 -4602.52783203125 -4637.58349609375 -4573 -4500.83349609375 -4442.1943359375 -4462.83349609375 -4457.638671875 -4424.611328125 -4428.638671875 -4350.8056640625 -4299.58349609375 -4382.861328125 -4390.6943359375
-4723.25 -4613.52783203125 -4644.1943359375 -4675.9443359375 -4645.611328125 -4639.72216796875 -4664.02783203125 -4686.1943359375 -4661.72216796875 -4662.75 -4658.47216796875 -4674.361328125 -4724.72216796875 -4673.52783203125 -4557.33349609375 -4554.27783203125 -4618.72216796875 -4673.27783203125 -4672.138671875 -4596.638671875 -4492.861328125 -4550.91650390625 -4595.861328125 -4567.52783203125 -4589.91650390625 -4636.611328125 -4609.22216796875 -4574.16650390625 -4570.4443359375 -4545 -4563.75 -4603.22216796875 -4551.861328125 -4513.02783203125 -4461.16650390625 -4345.25 -4427.77783203125 -4435.25 -4391.33349609375 -4426.5556640625 -4385.41650390625 -4357.77783203125 -4282.0556640625 -4201.97216796875 -4225.1943359375 -4263.08349609375
-4804.138671875 -4725.638671875 -4712.5556640625 -4689.83349609375 -4651.58349609375 -4639.58349609375 -4623.33349609375 -4636.611328125 -4651.111328125 -4645.58349609375 -4630.33349609375 -4706.02783203125 -4767.861328125 -4702.4443359375 -4654.75 -4596.72216796875 -4583.5 -4628.27783203125 -4639.91650390625 -4638.111328125 -4617.1943359375 -4563.91650390625 -4532.66650390625 -4540.1943359375 -4538.8056640625 -4543.611328125 -4594.6943359375 -4592.861328125 -4534.75 -4473.75 -4507.5 -4552.9443359375 -4475.1943359375 -4470.66650390625 -4474.3056640625 -4363.361328125 -4345.47216796875 -4355.361328125 -4290.72216796875 -4326.111328125 -4357.58349609375 -4297.5556640625 -4257.9443359375 -4280.0556640625 -4261.66650390625 -4281.6943359375
-4787.47216796875 -4753.02783203125 -4738.72216796875 -4687.22216796875 -4652.33349609375 -4690.02783203125 -4702.361328125 -4675.638671875 -4676 -4677.9443359375 -4651.97216796875 -4637.75 -4590.58349609375 -4555.25 -4546.611328125 -4413.861328125 -4304 -4448 -4573.138671875 -4575.888671875 -4541.41650390625 -4517.52783203125 -4488.58349609375 -4489.58349609375 -4520.1943359375 -4516.83349609375 -4449.1943359375 -4339.861328125 -4358.27783203125 -4343.5556640625 -4382.72216796875 -4451.16650390625 -4277.0556640625 -4261.16650390625 -4388.111328125 -4247.861328125 -4195.66650390625 -4283.77783203125 -4230.0556640625 -4221.1943359375 -4342.16650390625 -4378.861328125 -4287.66650390625 -4303.6943359375 -4303.4443359375 -4257.91650390625
-4693 -4640.4443359375 -4677.83349609375 -4725.77783203125 -4733.138671875 -4687.66650390625 -4695.77783203125 -4722.3056640625 -4666.27783203125 -4631.52783203125 -4603.861328125 -4501.83349609375 -4330.888671875 -4203.138671875 -4044.86108398438 -3905.22216796875 -3941.58325195312 -4249.77783203125 -4473.22216796875 -4505.888671875 -4477.361328125 -4441.83349609375 -4410.75 -4436.8056640625 -4427.91650390625 -4349.22216796875 -4343.5556640625 -4295.888671875 -4257.3056640625 -4237.111328125 -4318.1943359375 -4365.27783203125 -4150.75 -4165.0556640625 -4402.0556640625 -4342.4443359375 -4284.08349609375 -4300.25 -4303.6943359375 -4285.8056640625 -4261.72216796875 -4277.5556640625 -4287.77783203125 -4408.4443359375 -4408.27783203125 -4219.9443359375
-4717.47216796875 -4708.3056640625 -4660.1943359375 -4580.27783203125 -4612.388671875 -4646.3056640625 -4679.08349609375 -4724.16650390625 -4665.97216796875 -4541.22216796875 -4324.16650390625 -4036.08325195312 -3932.13891601562 -3888.3056640625 -3869.75 -3896.63891601562 -3988.3056640625 -4236.77783203125 -4401.52783203125 -4430.97216796875 -4391.08349609375 -4304.0556640625 -4272.9443359375 -4314.52783203125 -4319.5556640625 -4310.0556640625 -4352.75 -4359.138671875 -4350.22216796875 -4327.66650390625 -4361.47216796875 -4411.27783203125 -4370.1943359375 -4429 -4467.72216796875 -4392.22216796875 -4376.361328125 -4415.3056640625 -4475.361328125 -4458.97216796875 -4326.138671875 -4296.4443359375 -4340.5556640625 -4282.16650390625 -4212.0556640625 -4178.361328125
-4668.638671875 -4711.5 -4704.58349609375 -4552.138671875 -4498.4443359375 -4589.08349609375 -4571.97216796875 -4499 -4486.72216796875 -4419.861328125 -4230.16650390625 -4018.27783203125 -3851.22216796875 -3801.13891601562 -3988.11108398438 -4100.16650390625 -4032.6943359375 -4106.75 -4270.3056640625 -4278.361328125 -4223.25 -4195.77783203125 -4260.47216796875 -4298.388671875 -4320.16650390625 -4347.361328125 -4311.22216796875 -4291.111328125 -4343.9443359375 -4356.58349609375 -4339.77783203125 -4380 -4422.5556640625 -4453.16650390625 -4446.08349609375 -4387.5556640625 -4350.8056640625 -4364.52783203125 -4435.3056640625 -4406.611328125 -4246.3056640625 -4235.41650390625 -4254.16650390625 -4131.111328125 -4089.47216796875 -4121
-4711.41650390625 -4725.861328125 -4703.75 -4547.66650390625 -4426.0556640625 -4506.0556640625 -4597.08349609375 -4508.77783203125 -4314.111328125 -4237.1943359375 -4287.91650390625 -4148.02783203125 -3898.08325195312 -3786.0556640625 -3916.33325195312 -4030 -3972.11108398438 -4090.75 -4183.41650390625 -4126.111328125 -4163.0556640625 -4226.111328125 -4256.97216796875 -4262.138671875 -4255.33349609375 -4310.91650390625 -4332.75 -4354 -4365.08349609375 -4345 -4373.83349609375 -4381.388671875 -4360.25 -4323.1943359375 -4337.77783203125 -4391.83349609375 -4354.97216796875 -4382.638671875 -4454.6943359375 -4396.0556640625 -4350.16650390625 -4340.58349609375 -4354.6943359375 -4359.08349609375 -4273.97216796875 -4158.0556640625
-4668.16650390625 -4728.75 -4636.611328125 -4632.5556640625 -4731.72216796875 -4642.388671875 -4534.22216796875 -4459.388671875 -4303.22216796875 -4061.61108398438 -3995.91674804688 -3954.02783203125 -3823 -3841.11108398438 -4058.88891601562 -4050.47216796875 -3947.22216796875 -4057.9443359375 -4051.63891601562 -4017.58325195312 -4009.52783203125 -3957.66674804688 -3938.02783203125 -3907.97216796875 -3997.38891601562 -4234.52783203125 -4254.888671875 -4179.16650390625 -4280.83349609375 -4358.08349609375 -4368.41650390625 -4390.52783203125 -4358.5556640625 -4352.4443359375 -4398.138671875 -4452.138671875 -4465.75 -4517.97216796875 -4541.75 -4491.41650390625 -4456.1943359375 -4315.111328125 -4259.3056640625 -4395.5556640625 -4436.27783203125 -4358.91650390625
-4638.138671875 -4846.0556640625 -4774.08349609375 -4654.16650390625 -4722.77783203125 -4654.22216796875 -4438.138671875 -4297.27783203125 -4229.361328125 -4058.47216796875 -3944.13891601562 -3959.11108398438 -3969.61108398438 -4051.0556640625 -4125.41650390625 -3958.16674804688 -3845.47216796875 -3864.75 -3806 -3807.8056640625 -3637.88891601562 -3444.5556640625 -3694.5556640625 -3888.33325195312 -3941.83325195312 -4043.5 -4044 -3955.11108398438 -4008.16674804688 -4014.02783203125 -3967.5 -4062.8056640625 -4117.33349609375 -4198.25 -4233.91650390625 -4126.08349609375 -4058.25 -4093.83325195312 -4191.361328125 -4324.25 -4316.638671875 -4080.9443359375 -4070.88891601562 -4344.72216796875 -4456.75 -4439.361328125
-4741.83349609375 -4719.83349609375 -4612.888671875 -4464.0556640625 -4438.4443359375 -4459.91650390625 -4492.8056640625 -4486.3056640625 -4374.27783203125 -4149.9443359375 -4096.72216796875 -4083.75 -4076.38891601562 -4033.72216796875 -3971 -3811.11108398438 -3769.4443359375 -3674.5556640625 -3508.63891601562 -3250.41674804688 -3032.9443359375 -3229.91674804688 -3531.16674804688 -3635.5 -3657.66674804688 -3574.36108398438 -3422.08325195312 -3374.08325195312 -3390.41674804688 -3456.9443359375 -3641 -3761.08325195312 -3785.66674804688 -3969.61108398438 -4027.02783203125 -3818.5556640625 -3712.47216796875 -3831.72216796875 -3994.4443359375 -4063.1943359375 -4073 -3970.63891601562 -4075.63891601562 -4416.91650390625 -4565.9443359375 -4481
-4706.3056640625 -4609.5 -4561.111328125 -4615.02783203125 -4533.47216796875 -4389.77783203125 -4472.72216796875 -4462.888671875 -4294.388671875 -4183.58349609375 -4179.5 -4156.6943359375 -4036.08325195312 -3968.25 -3962.25 -3946.88891601562 -3850.86108398438 -3563.83325195312 -3358.5 -3170.63891601562 -2987.83325195312 -3048 -3195 -3250.33325195312 -3300.91674804688 -3201.22216796875 -2822.4443359375 -2761.0556640625 -2948.16674804688 -2882.27783203125 -2911.91674804688 -3204.61108398438 -3487.02783203125 -3754.5556640625 -3771.66674804688 -3436.83325195312 -3472.97216796875 -3719.5 -3753.86108398438 -3665.11108398438 -3586.66674804688 -3670.08325195312 -3952.41674804688 -4217.138671875 -4390.4443359375 -4383.16650390625
-4656.861328125 -4578.638671875 -4599.27783203125 -4587.72216796875 -4547.888671875 -4544.08349609375 -4581.25 -4525.58349609375 -4422.6943359375 -4363.83349609375 -4273.9443359375 -4202.888671875 -4147.75 -4097.33349609375 -4030.52783203125 -3935.0556640625 -3744.5556640625 -3571.13891601562 -3483.1943359375 -3183.5556640625 -2927.58325195312 -2814.66674804688 -2846.61108398438 -2852.75 -2802.47216796875 -2748.27783203125 -2661.86108398438 -2624.16674804688 -2656.4443359375 -2914.86108398438 -3050.0556640625 -3099.33325195312 -3280.66674804688 -3396.8056640625 -3400.3056640625 -3197.11108398438 -3094.36108398438 -3134.58325195312 -3060.86108398438 -3266.77783203125 -3581.72216796875 -3741.16674804688 -4028.02783203125 -4318.5556640625 -4372.97216796875 -4344.361328125
-4649.83349609375 -4658.8056640625 -4664.91650390625 -4594.41650390625 -4466.22216796875 -4414.388671875 -4443.4443359375 -4475.83349609375 -4432.27783203125 -4306.41650390625 -4220.1943359375 -4309.41650390625 -4404.5556640625 -4221.5556640625 -3963.02783203125 -3829.38891601562 -3672.88891601562 -3625.52783203125 -3548.5556640625 -3116.88891601562 -2818.66674804688 -2670.86108398438 -2529.38891601562 -2539.86108398438 -2577.61108398438 -2654.97216796875 -2787.36108398438 -2704.72216796875 -2574.61108398438 -3046.77783203125 -3338.41674804688 -3239.11108398438 -3054.9443359375 -2964.8056640625 -2822.22216796875 -2679.16674804688 -2878.97216796875 -3148.52783203125 -3199.86108398438 -3482.91674804688 -3790.61108398438 -3743.08325195312 -3880.66674804688 -4301.22216796875 -4437.888671875 -4332.22216796875
-4703.361328125 -4727.3056640625 -4657.58349609375 -4531.83349609375 -4346.111328125 -4344.97216796875 -4485.9443359375 -4529.111328125 -4433.138671875 -4322.1943359375 -4309.08349609375 -4354.16650390625 -4300.361328125 -4113.75 -3959.6943359375 -3873.66674804688 -3706.77783203125 -3585.16674804688 -3563.13891601562 -3405.02783203125 -3188.91674804688 -2954.22216796875 -2680.9443359375 -2579.16674804688 -2586.75 -2683.22216796875 -2649.6943359375 -2617.66674804688 -2555.02783203125 -2680.47216796875 -3023.58325195312 -3118.83325195312 -3042.22216796875 -3051.72216796875 -2950.08325195312 -2875.41674804688 -3205.86108398438 -3497.27783203125 -3704.61108398438 -3886 -3772.1943359375 -3559.08325195312 -3610.5556640625 -3844.86108398438 -4083.27783203125 -4122.4443359375
-4779.361328125 -4783.888671875 -4694.25 -4471 -4466.52783203125 -4568.361328125 -4560.861328125 -4445.4443359375 -4299.75 -4337.3056640625 -4398.25 -4327.25 -4198.33349609375 -4074.36108398438 -3956.47216796875 -3864.0556640625 -3748.97216796875 -3644.86108398438 -3567.8056640625 -3545.9443359375 -3419.1943359375 -3232.6943359375 -3180.47216796875 -3012.36108398438 -2876.3056640625 -2946.02783203125 -2842.6943359375 -2783.38891601562 -2725.58325195312 -2813.4443359375 -3078.9443359375 -3180.6943359375 -3306.38891601562 -3548.86108398438 -3641 -3596.4443359375 -3665.27783203125 -3631.13891601562 -3688.08325195312 -3896.3056640625 -3963.27783203125 -3978.83325195312 -4053.52783203125 -4078.66674804688 -4068.22216796875 -4106.888671875
-4759.9443359375 -4670.08349609375 -4683.1943359375 -4580.66650390625 -4604.6943359375 -4593.361328125 -4425.0556640625 -4412.4443359375 -4480.8056640625 -4478.1943359375 -4421.9443359375 -4296.611328125 -4186.33349609375 -4099.5556640625 -3953.58325195312 -3865.72216796875 -3822.3056640625 -3719.97216796875 -3578.47216796875 -3533.88891601562 -3427.63891601562 -3320.8056640625 -3373.66674804688 -3319.3056640625 -3268.77783203125 -3246.75 -3046.58325195312 -2849.16674804688 -3006.27783203125 -3220 -3310.6943359375 -3364.52783203125 -3456.4443359375 -3716.91674804688 -3825.22216796875 -3769.77783203125 -3862.47216796875 -3848.72216796875 -3794.36108398438 -3892.5 -3944.22216796875 -3948.77783203125 -3968.8056640625 -3977.77783203125 -3944.63891601562 -4028.5
-4822.5 -4779.3056640625 -4720.58349609375 -4708.0556640625 -4686.77783203125 -4689.638671875 -4650.33349609375 -4544.91650390625 -4550.91650390625 -4589.9443359375 -4418.77783203125 -4126.0556640625 -4001.5556640625 -3849.5556640625 -3713.61108398438 -3724.86108398438 -3708.02783203125 -3715.66674804688 -3629.83325195312 -3464.08325195312 -3417.97216796875 -3346.27783203125 -3346.11108398438 -3264.47216796875 -3144.1943359375 -3184.5556640625 -3055.66674804688 -2988.97216796875 -3283.1943359375 -3413.83325195312 -3475.66674804688 -3634.13891601562 -3630.91674804688 -3545.97216796875 -3491.13891601562 -3529.4443359375 -3654.33325195312 -3652.66674804688 -3625.38891601562 -3750.0556640625 -3808.61108398438 -3751.3056640625 -3782.16674804688 -3887.97216796875 -3963.5 -4012.47216796875
-4797.52783203125 -4764.52783203125 -4721.97216796875 -4748.8056640625 -4712.72216796875 -4747.08349609375 -4812.25 -4715.83349609375 -4595.3056640625 -4544.41650390625 -4420.66650390625 -4243.9443359375 -4105.33349609375 -3908.75 -3829.0556640625 -3763.11108398438 -3715.02783203125 -3691.22216796875 -3563.08325195312 -3442.63891601562 -3359.5 -3273.27783203125 -3300.91674804688 -3228.41674804688 -2893.6943359375 -2805.63891601562 -2791.72216796875 -2947.75 -3182.38891601562 -3278.77783203125 -3294.9443359375 -3329.36108398438 -3360.6943359375 -3207.72216796875 -3139.5 -3293.5556640625 -3405.88891601562 -3329.91674804688 -3353.86108398438 -3549.22216796875 -3569.02783203125 -3416.33325195312 -3496.6943359375 -3721.97216796875 -3845.5 -3840.02783203125
