inst/vignette_data/depth_ker.asc
NCOLS 180 
NROWS 100 
XLLCORNER 63 
YLLCORNER -56 
CELLSIZE 0.1 
NODATA_value -1.7e+308 
[rows 20 to 39 of 100, columns 0 to 45 of 180]
-3144.8056640625 -2967.97216796875 -2962.25 -3066.9443359375 -3060.75 -3133.72216796875 -3285.41674804688 -3389.88891601562 -3419.22216796875 -3473.02783203125 -3651.27783203125 -3524.8056640625 -3232.25 -3158.4443359375 -3255.1943359375 -3127.16674804688 -3038.08325195312 -2865.25 -2413.08325195312 -2140.63891601562 -2110.1943359375 -1894.47216796875 -1535.55554199219 -1395 -1149.58337402344 -861.416687011719 -890.333312988281 -854.777770996094 -850.638916015625 -842.111083984375 -875.611083984375 -874.722229003906 -758.416687011719 -603.611083984375 -537.861083984375 -569.166687011719 -624.361083984375 -619.555541992188 -589.694458007812 -533.527770996094 -497 -471.25 -396.972229003906 -337.361114501953 -264.472229003906 -367.527770996094
-3112.36108398438 -3009.83325195312 -3064.1943359375 -3071.13891601562 -3046.52783203125 -3110.72216796875 -3149.16674804688 -3244.86108398438 -3281.75 -3302.4443359375 -3262.11108398438 -3120.6943359375 -3053.27783203125 -2964.6943359375 -2908.5556640625 -2948.38891601562 -2974.1943359375 -2552.38891601562 -1805.25 -1276.97216796875 -1368.94445800781 -1485.25 -1375.83337402344 -1570.05554199219 -1390.91662597656 -945.722229003906 -883.527770996094 -671.277770996094 -570.305541992188 -772.333312988281 -934.972229003906 -885.194458007812 -816.583312988281 -687.888916015625 -644.888916015625 -657.055541992188 -659.166687011719 -653.027770996094 -600.833312988281 -569.527770996094 -544.055541992188 -465.055541992188 -393.972229003906 -386.777770996094 -294.583343505859 -359.055541992188
-3184.6943359375 -3184.1943359375 -3185.38891601562 -3153.41674804688 -3103.0556640625 -3125.11108398438 -3121.72216796875 -3215.33325195312 -3134.22216796875 -3021.77783203125 -2971.5 -2864.9443359375 -2780.97216796875 -2726.41674804688 -2698 -2698.58325195312 -2653.97216796875 -2249.38891601562 -1691.91662597656 -1246.72216796875 -1295 -1582.41662597656 -1553.63891601562 -1569.52783203125 -1486.30554199219 -1063.16662597656 -729.916687011719 -564.694458007812 -466.055541992188 -700.777770996094 -915.166687011719 -854.722229003906 -768.138916015625 -781.361083984375 -788.583312988281 -773.027770996094 -770.472229003906 -678.333312988281 -633.555541992188 -547.333312988281 -528.555541992188 -479.472229003906 -359.555541992188 -298.388885498047 -284.222229003906 -228.75
-3094.25 -3120.08325195312 -2755.72216796875 -2559.9443359375 -2855.36108398438 -3115.52783203125 -3117.9443359375 -3073.41674804688 -3027.36108398438 -2966.83325195312 -2869.72216796875 -2762.9443359375 -2740.22216796875 -2651.16674804688 -2565.38891601562 -2488.75 -2450.9443359375 -2348.86108398438 -2085.72216796875 -1784.27783203125 -1693.44445800781 -1699.30554199219 -1590.63891601562 -1435.66662597656 -1358.38891601562 -1103.19445800781 -859.638916015625 -889.25 -837.055541992188 -886.25 -950.444458007812 -862.555541992188 -762.555541992188 -862.472229003906 -942.388916015625 -871.694458007812 -749.444458007812 -632.5 -599.416687011719 -490.333343505859 -474.027770996094 -479.638885498047 -361.666656494141 -258.361114501953 -253.08332824707 -176.305557250977
-3124.5 -3138.63891601562 -2916.58325195312 -2534.22216796875 -2619.4443359375 -3027.0556640625 -3072.58325195312 -3012.6943359375 -2962.9443359375 -2853.86108398438 -2797.38891601562 -2711.0556640625 -2651.33325195312 -2504 -2398.9443359375 -2330.72216796875 -2283.8056640625 -2223 -2159.13891601562 -2038.19445800781 -1907.5 -1809.75 -1678.55554199219 -1545.80554199219 -1426.36108398438 -1407 -1192.88891601562 -1040.16662597656 -894.305541992188 -877.305541992188 -897.194458007812 -901.361083984375 -973.972229003906 -1003.22222900391 -982 -981.916687011719 -806.388916015625 -627 -510.166656494141 -358.916656494141 -345.222229003906 -340.805541992188 -332 -266.305541992188 -177.58332824707 -174.527770996094
-2910.41674804688 -2977.88891601562 -2952.02783203125 -2974.16674804688 -2977.97216796875 -2976.52783203125 -2934 -2844.72216796875 -2759.08325195312 -2715.91674804688 -2717.0556640625 -2599.25 -2609.58325195312 -2459.58325195312 -2371.02783203125 -2303.11108398438 -2179.58325195312 -2066.4443359375 -1918.83337402344 -1877 -1944.36108398438 -1916.16662597656 -1802.66662597656 -1698.61108398438 -1578.55554199219 -1578.19445800781 -1486.47216796875 -1386.25 -1190.27783203125 -985.638916015625 -945.138916015625 -907.777770996094 -946.25 -1008.02777099609 -1004.55554199219 -1055.36108398438 -903.416687011719 -689.611083984375 -455.527770996094 -321.611114501953 -312.472229003906 -295.75 -241.694442749023 -216.58332824707 -137.805557250977 -180.41667175293
-2659.4443359375 -2804.5556640625 -2752.77783203125 -2735.83325195312 -2787.1943359375 -2680.13891601562 -2668.88891601562 -2713.4443359375 -2659 -2612.13891601562 -2618.86108398438 -2530.33325195312 -2495.88891601562 -2392.6943359375 -2308.08325195312 -2273.08325195312 -2172.47216796875 -2070.41674804688 -1896.69445800781 -1759.44445800781 -1740.5 -1765.19445800781 -1715.16662597656 -1663.33337402344 -1666.41662597656 -1555.25 -1509.44445800781 -1499.86108398438 -1429.13891601562 -1385.91662597656 -1359.33337402344 -1285.27783203125 -1194.08337402344 -1118.61108398438 -1025.02783203125 -1013.16668701172 -1008.33331298828 -959.75 -615.111083984375 -290.638885498047 -200.611114501953 -266.25 -201.5 -137.305557250977 -175.944442749023 -184.138885498047
-2588.63891601562 -2772.16674804688 -2679.3056640625 -2577.75 -2598.91674804688 -2589.66674804688 -2557.0556640625 -2564.08325195312 -2460.41674804688 -2415.8056640625 -2431.97216796875 -2371.91674804688 -2396.88891601562 -2382.72216796875 -2302.33325195312 -2254.02783203125 -2097.27783203125 -1936.83337402344 -1876.05554199219 -1860.08337402344 -1796.19445800781 -1706.02783203125 -1672.72216796875 -1631 -1586.19445800781 -1562.66662597656 -1517.83337402344 -1495.41662597656 -1491.36108398438 -1420.75 -1416.19445800781 -1401.75 -1436.88891601562 -1409.47216796875 -1359.88891601562 -1284.33337402344 -1223.63891601562 -1175.52783203125 -1017.47222900391 -597.138916015625 -244.472229003906 -155.861114501953 -151.25 -206.91667175293 -204.444442749023 -150.638885498047
-2059.91674804688 -2287.5556640625 -2455.6943359375 -2527.36108398438 -2486.6943359375 -2487.47216796875 -2467.5556640625 -2411 -2370.25 -2380.33325195312 -2361.25 -2355.27783203125 -2360.72216796875 -2355.33325195312 -2294.38891601562 -2282.86108398438 -2139.36108398438 -1932.38891601562 -1904.30554199219 -1977.05554199219 -1982.16662597656 -1933.86108398438 -1863.69445800781 -1709.13891601562 -1594.25 -1563.30554199219 -1554.66662597656 -1504.27783203125 -1471.61108398438 -1437.38891601562 -1418.19445800781 -1401.77783203125 -1392.66662597656 -1373.77783203125 -1419.75 -1462.5 -1447.44445800781 -1411.94445800781 -1347.38891601562 -1133.33337402344 -718.666687011719 -240.944442749023 -149.08332824707 -159.5 -191.527770996094 -233.972229003906
-1415.25 -1394.11108398438 -1634.38891601562 -2055.86108398438 -2310.02783203125 -2440.83325195312 -2386.5556640625 -2337.11108398438 -2373.5 -2325.13891601562 -2188.86108398438 -2278.5 -2283.77783203125 -2257.02783203125 -2309.97216796875 -2246.33325195312 -2163.5 -2088.72216796875 -1982.47216796875 -1988.61108398438 -2046.13891601562 -2084.36108398438 -1948.19445800781 -1783.05554199219 -1699.63891601562 -1608.61108398438 -1599.88891601562 -1490.16662597656 -1497.63891601562 -1462.5 -1448.11108398438 -1483.13891601562 -1447.11108398438 -1398.66662597656 -1417.72216796875 -1399.69445800781 -1384.63891601562 -1357.30554199219 -1357.66662597656 -1304.55554199219 -1103.33337402344 -436.194458007812 -135.861114501953 -186.75 -150.361114501953 -176.5
-1310.36108398438 -1228.75 -1300.97216796875 -1577.36108398438 -1913.02783203125 -2124.33325195312 -2219.75 -2286.38891601562 -2274.5556640625 -2237.5556640625 -2150.6943359375 -2238.3056640625 -2209.27783203125 -2165.63891601562 -2209.66674804688 -2162.11108398438 -2205.9443359375 -2179.66674804688 -2134 -2201.63891601562 -2243.4443359375 -2260.66674804688 -2082.25 -1756.05554199219 -1694.5 -1559.05554199219 -1564.30554199219 -1593.33337402344 -1586.30554199219 -1511.38891601562 -1492.5 -1567.05554199219 -1549.36108398438 -1494.19445800781 -1401.80554199219 -1340.69445800781 -1338.02783203125 -1365.30554199219 -1376.47216796875 -1265.08337402344 -1145.94445800781 -626.722229003906 -141.111114501953 -144.944442749023 -156.66667175293 -135
-1537.52783203125 -1504.38891601562 -1482.22216796875 -1535.25 -1655.19445800781 -1696.75 -1875.22216796875 -2106.97216796875 -2193.91674804688 -2235.63891601562 -2207.13891601562 -2157.08325195312 -2097.88891601562 -2137 -2175.27783203125 -2129.5556640625 -2168.9443359375 -2131.27783203125 -2176.8056640625 -2303.36108398438 -2384.83325195312 -2497.0556640625 -2503.47216796875 -2117.72216796875 -1869.08337402344 -1676.27783203125 -1622.94445800781 -1593.05554199219 -1592.05554199219 -1622.72216796875 -1583.44445800781 -1587.55554199219 -1594.02783203125 -1546.61108398438 -1449.55554199219 -1348.80554199219 -1306.75 -1319.02783203125 -1229.30554199219 -1080 -966.305541992188 -634.25 -172.055557250977 -165.888885498047 -169.194442749023 -190.444442749023
-1773.52783203125 -1680.83337402344 -1647.13891601562 -1591.97216796875 -1497.25 -1478.97216796875 -1615.41662597656 -1747.5 -1833.69445800781 -1981.11108398438 -2153.52783203125 -2206.13891601562 -2138.25 -2158.25 -2194.38891601562 -2158.88891601562 -2124.1943359375 -2175.8056640625 -2253.47216796875 -2381.25 -2466.33325195312 -2443.75 -2225.91674804688 -2057.1943359375 -1899.88891601562 -1672.27783203125 -1630.97216796875 -1659.25 -1594.91662597656 -1645 -1592.91662597656 -1580.33337402344 -1580.13891601562 -1551.52783203125 -1496.77783203125 -1443.91662597656 -1390.52783203125 -1315.08337402344 -1123.55554199219 -656.222229003906 -387.388885498047 -395.25 -271.972229003906 -233.444442749023 -212.16667175293 -188.25
-1987.63891601562 -1717.36108398438 -1664.75 -1678.05554199219 -1665.91662597656 -1619.63891601562 -1676.13891601562 -1712 -1662.33337402344 -1846.38891601562 -2170.22216796875 -2243.52783203125 -2223.88891601562 -2209.6943359375 -2186.8056640625 -2182.9443359375 -2134.47216796875 -2265.83325195312 -2467.6943359375 -2672.6943359375 -2607.0556640625 -2352.91674804688 -2104.16674804688 -2006.80554199219 -1912.19445800781 -1717.5 -1684.27783203125 -1703.72216796875 -1668.33337402344 -1627.5 -1591.44445800781 -1606.27783203125 -1577.83337402344 -1557.22216796875 -1547.11108398438 -1519.30554199219 -1507.47216796875 -1445.88891601562 -1173.58337402344 -507.416656494141 -333.694458007812 -606.944458007812 -539.277770996094 -182.555557250977 -200.638885498047 -183.944442749023
-2572.1943359375 -2128.38891601562 -1802.69445800781 -1663.16662597656 -1745.02783203125 -1874.58337402344 -1965.22216796875 -2054.97216796875 -2101.1943359375 -2061.88891601562 -2118.58325195312 -2108.38891601562 -2064.1943359375 -1992.13891601562 -1989.22216796875 -1967 -1964.30554199219 -2388.6943359375 -2556.36108398438 -2363.77783203125 -2193.16674804688 -2120.25 -2046.41662597656 -1983.11108398438 -1939.75 -1856.41662597656 -1850.22216796875 -1829.61108398438 -1799.69445800781 -1780.80554199219 -1730.11108398438 -1665.61108398438 -1673.13891601562 -1650.13891601562 -1612.69445800781 -1677.69445800781 -1656.75 -1681.38891601562 -1719.08337402344 -1578.58337402344 -1464.25 -1433.75 -1029.88891601562 -276.055541992188 -150.83332824707 -148.305557250977
-3174.66674804688 -2642.97216796875 -2150.38891601562 -1879.55554199219 -1820.72216796875 -1866.08337402344 -1876.5 -1921.69445800781 -2026.91662597656 -2030.19445800781 -1964.72216796875 -1913.66662597656 -1867.83337402344 -1797.36108398438 -1695.52783203125 -1613.75 -1505.69445800781 -1614.41662597656 -1530.33337402344 -1373.19445800781 -1249.47216796875 -1458.36108398438 -1729.94445800781 -1854.38891601562 -1923.08337402344 -1926.47216796875 -1936.88891601562 -1950.5 -1913.36108398438 -1876.66662597656 -1809.58337402344 -1739.66662597656 -1720.83337402344 -1704.52783203125 -1701 -1737.77783203125 -1627.11108398438 -1135.41662597656 -1252.66662597656 -1727.08337402344 -1773.52783203125 -1674.41662597656 -1390.83337402344 -753.083312988281 -213.41667175293 -198.527770996094
-3591.13891601562 -3247.83325195312 -2668.52783203125 -2012.61108398438 -1762.33337402344 -1568.94445800781 -1459.11108398438 -1504.97216796875 -1581.11108398438 -1573.69445800781 -1597.41662597656 -1556.11108398438 -1448.72216796875 -1235.88891601562 -1014.66668701172 -753.416687011719 -499.916656494141 -492.222229003906 -609.305541992188 -559.055541992188 -583.555541992188 -721.888916015625 -1070.08337402344 -1551.52783203125 -1759.41662597656 -1860.77783203125 -1981.66662597656 -1961.91662597656 -1937.72216796875 -1876 -1812.86108398438 -1831.38891601562 -1758.86108398438 -1754.30554199219 -1676 -1588.36108398438 -1483.80554199219 -739.25 -1065.41662597656 -1791.13891601562 -1865.11108398438 -1787.69445800781 -1666.41662597656 -1392.25 -660.833312988281 -222.444442749023
-3692.3056640625 -3513.47216796875 -2743.11108398438 -1658.16662597656 -1472.52783203125 -1277.75 -1323.38891601562 -1130.97216796875 -1155.02783203125 -897.805541992188 -829.527770996094 -708.694458007812 -602.916687011719 -515.916687011719 -420.527770996094 -327.611114501953 -272.916656494141 -277.944458007812 -242.222229003906 -240.555557250977 -296.111114501953 -316.388885498047 -404.305541992188 -690.944458007812 -917.305541992188 -1400.08337402344 -1924.66662597656 -1804.36108398438 -1802.61108398438 -1832.08337402344 -1800.02783203125 -1827.72216796875 -1766.38891601562 -1723.11108398438 -1662.38891601562 -1440.36108398438 -1555.83337402344 -1649.61108398438 -1799.38891601562 -1913.88891601562 -1872.25 -1776.44445800781 -1716.63891601562 -1645.11108398438 -1406.77783203125 -778.361083984375
-3014.9443359375 -2593.97216796875 -2343.4443359375 -2483.52783203125 -2698.5556640625 -2448.52783203125 -1586.69445800781 -757.916687011719 -750.138916015625 -929.027770996094 -1056.75 -855.055541992188 -525.722229003906 -480.888885498047 -585.944458007812 -444.416656494141 -276.583343505859 -105.861114501953 -31.7777786254883 -62.6666679382324 -58.5833320617676 -64.8333358764648 -162.194442749023 -343.972229003906 -358.222229003906 -643.972229003906 -1410 -1192.75 -1108.66662597656 -957.277770996094 -808.694458007812 -971.833312988281 -1407.27783203125 -1730.33337402344 -1804.16662597656 -1691.94445800781 -1796.97216796875 -1899.27783203125 -1902.47216796875 -1933.25 -1888.16662597656 -1847.16662597656 -1783 -1699.33337402344 -1595.75 -1395.94445800781
-3559.91674804688 -3461.4443359375 -3557.77783203125 -3492 -3231.91674804688 -2855.22216796875 -2086.91674804688 -1087.91662597656 -742.638916015625 -1306.19445800781 -2064 -1447.08337402344 -977.222229003906 -1077.44445800781 -1119.11108398438 -944.222229003906 -540.305541992188 -202.41667175293 -117.055557250977 -118.138885498047 -128.527770996094 -123.055557250977 -88.8611145019531 -219.08332824707 -228.91667175293 -292.805541992188 -661.333312988281 -499.583343505859 -301.138885498047 -147 -68.25 -213.58332824707 -1155.41662597656 -1838.66662597656 -1963.38891601562 -1985.80554199219 -1940.08337402344 -1944.33337402344 -1968.52783203125 -1948.5 -1866.47216796875 -1904.44445800781 -1815.5 -1718.86108398438 -1636.77783203125 -1514.55554199219
