inst/vignette_data/depth_ker.asc
NCOLS 180 
NROWS 100 
XLLCORNER 63 
YLLCORNER -56 
CELLSIZE 0.1 
NODATA_value -1.7e+308 
[rows 80 to 99 of 100, columns 46 to 91 of 180]
-4419.0556640625 -4394.111328125 -4340.4443359375 -4353.8056640625 -4354.16650390625 -4311.9443359375 -4287.27783203125 -4277.5556640625 -4278.3056640625 -4273.33349609375 -4260.16650390625 -4267.1943359375 -4157.33349609375 -4093.33325195312 -4254.72216796875 -4183.22216796875 -4013.6943359375 -4147.3056640625 -4218.83349609375 -3999.9443359375 -4095.36108398438 -4152.138671875 -4078.36108398438 -3959.86108398438 -3835.4443359375 -3799.5556640625 -3660.9443359375 -3588.61108398438 -3633.9443359375 -3728.1943359375 -3713.5556640625 -3585.27783203125 -3505.38891601562 -3517.27783203125 -3530.1943359375 -3449.11108398438 -3336.72216796875 -3174.5556640625 -2878.0556640625 -2576.8056640625 -2319.08325195312 -1945.33337402344 -1452.55554199219 -1145.41662597656 -1079.41662597656 -1031.25
-4424.3056640625 -4391.1943359375 -4371 -4388.888671875 -4380.111328125 -4321.16650390625 -4289.25 -4292.138671875 -4278.5 -4220.22216796875 -4244.25 -4396.861328125 -4361 -4225.41650390625 -4217.33349609375 -4112.27783203125 -4128.77783203125 -4246.16650390625 -4011.97216796875 -3785.66674804688 -4083.41674804688 -4300.1943359375 -4102.8056640625 -3917.97216796875 -3870.0556640625 -3899.38891601562 -3976.02783203125 -3944.83325195312 -3832.41674804688 -3732.63891601562 -3567.47216796875 -3449.47216796875 -3564.52783203125 -3434.72216796875 -2919.5556640625 -2445.91674804688 -2216.33325195312 -2193.25 -2010.16662597656 -1799.69445800781 -1731.08337402344 -1575 -1252.47216796875 -1029.05554199219 -1146.88891601562 -1266.66662597656
-4291.4443359375 -4285.83349609375 -4331.77783203125 -4340.138671875 -4274.861328125 -4258.8056640625 -4267.02783203125 -4237.91650390625 -4235.41650390625 -4222.75 -4173.5 -4194.27783203125 -4184.3056640625 -4148.3056640625 -4150.22216796875 -4094.52783203125 -4085.58325195312 -4010.3056640625 -3846.1943359375 -3900.3056640625 -4114.638671875 -4069.66674804688 -3825.1943359375 -3666.3056640625 -3688.47216796875 -3591.83325195312 -3411.38891601562 -3314.83325195312 -3056.9443359375 -2889.75 -2816 -2708.5556640625 -2476.13891601562 -2112.33325195312 -1943.83337402344 -1993.22216796875 -2276 -2611.13891601562 -2658.22216796875 -2472.8056640625 -2396.27783203125 -2327.58325195312 -2054.41674804688 -1816.36108398438 -1978.02783203125 -2219.1943359375
-4286.111328125 -4252.388671875 -4294.41650390625 -4347.77783203125 -4285.1943359375 -4288.611328125 -4335.3056640625 -4208.77783203125 -4150.83349609375 -4251.1943359375 -4257.638671875 -4168.97216796875 -4153.91650390625 -4129.77783203125 -4108.388671875 -4108.25 -3996.3056640625 -3879.25 -3947.3056640625 -4034.11108398438 -3937.77783203125 -3797.4443359375 -3740.83325195312 -3750.83325195312 -3708.61108398438 -3595.16674804688 -3334.1943359375 -3069.61108398438 -3087.6943359375 -3247.36108398438 -3125.5 -2758.66674804688 -2223.1943359375 -1903.83337402344 -2193.52783203125 -2736.02783203125 -3225.1943359375 -3441.0556640625 -3457.36108398438 -3430.52783203125 -3403.41674804688 -3412.63891601562 -3393.0556640625 -3255.36108398438 -3176.8056640625 -3165.83325195312
-4264.361328125 -4256.361328125 -4278.0556640625 -4310.22216796875 -4323.16650390625 -4349.08349609375 -4334.91650390625 -4220.6943359375 -4182.47216796875 -4207.08349609375 -4247.02783203125 -4216.888671875 -4200.3056640625 -4197.9443359375 -4091.25 -4049.02783203125 -4071.58325195312 -4081.61108398438 -4055.16674804688 -3972.11108398438 -4008.0556640625 -4016.66674804688 -3996.22216796875 -3960.63891601562 -3812.08325195312 -3607 -3539.08325195312 -3523.38891601562 -3527.86108398438 -3549.08325195312 -3283.0556640625 -2841.36108398438 -2720.16674804688 -2676.63891601562 -2769.63891601562 -3075.86108398438 -3377.02783203125 -3378.0556640625 -3372.13891601562 -3335.5 -3300.1943359375 -3189.5 -2773.22216796875 -2612.77783203125 -2591.3056640625 -2681.86108398438
-4118.58349609375 -4159.5556640625 -4193.4443359375 -4224.08349609375 -4312.52783203125 -4317.75 -4242.6943359375 -4247.02783203125 -4347.6943359375 -4327.77783203125 -4263.66650390625 -4234.9443359375 -4171.861328125 -4173.4443359375 -4142.5 -4080.91674804688 -4102.08349609375 -4120.4443359375 -4043.75 -3912.3056640625 -3959.22216796875 -4099.138671875 -4024.3056640625 -3866.77783203125 -3723.61108398438 -3677.8056640625 -3584.47216796875 -3466.16674804688 -3405.4443359375 -3325.97216796875 -3261.9443359375 -3248.61108398438 -3210.58325195312 -3264.0556640625 -3268.36108398438 -3221.75 -3232.77783203125 -3215.97216796875 -3174.9443359375 -3179.02783203125 -3025.22216796875 -2898.72216796875 -2803.75 -2768.33325195312 -2787.41674804688 -2849.47216796875
-4130.138671875 -4163.4443359375 -4196.22216796875 -4178.6943359375 -4255.16650390625 -4307.5 -4288.52783203125 -4285.33349609375 -4300.83349609375 -4240.52783203125 -4153.8056640625 -4156.6943359375 -4203.75 -4195.6943359375 -4215.6943359375 -4202.33349609375 -4145.888671875 -4087.02783203125 -4048.61108398438 -3987.72216796875 -3957.88891601562 -4032.77783203125 -3960.61108398438 -3732.9443359375 -3619.3056640625 -3553.77783203125 -3532.77783203125 -3519.91674804688 -3423.91674804688 -3397.63891601562 -3389.47216796875 -3331.63891601562 -3287.13891601562 -3304.08325195312 -3310.58325195312 -3334 -3281.33325195312 -3293.27783203125 -3217.63891601562 -3147.25 -3111.5556640625 -3018.97216796875 -2956.27783203125 -3036.9443359375 -3103.66674804688 -3141.77783203125
-4115.02783203125 -4115.22216796875 -4147.861328125 -4211.97216796875 -4322.1943359375 -4296.8056640625 -4271.638671875 -4314.5556640625 -4277.0556640625 -4171.861328125 -4183.83349609375 -4289.861328125 -4328.888671875 -4240.138671875 -4177.611328125 -4170.72216796875 -4129.22216796875 -4036.02783203125 -3974.66674804688 -3995.77783203125 -3936.5 -3882.1943359375 -3867.13891601562 -3786.13891601562 -3717.33325195312 -3623.5 -3637.5 -3602.13891601562 -3449.75 -3423.47216796875 -3429.83325195312 -3350.63891601562 -3367.88891601562 -3449.83325195312 -3412.27783203125 -3393.33325195312 -3338.6943359375 -3357.08325195312 -3364.6943359375 -3298.5556640625 -3216.27783203125 -3130.41674804688 -3167.9443359375 -3217.97216796875 -3202.8056640625 -3283.25
-4218.111328125 -4292.02783203125 -4270.361328125 -4272.77783203125 -4281.4443359375 -4246.8056640625 -4239.361328125 -4255.02783203125 -4255.91650390625 -4221.02783203125 -4230 -4295.52783203125 -4280.4443359375 -4193.83349609375 -4146.361328125 -4118.638671875 -4101.611328125 -4097.16650390625 -4000.6943359375 -3937.11108398438 -3913.5 -3888.9443359375 -3869.75 -3772.5 -3740.22216796875 -3731.63891601562 -3733.9443359375 -3677.02783203125 -3579.88891601562 -3618.0556640625 -3653.36108398438 -3597.5 -3559.9443359375 -3523.75 -3529.9443359375 -3478.9443359375 -3419.63891601562 -3463.88891601562 -3429.11108398438 -3394.77783203125 -3406.13891601562 -3392.47216796875 -3404.3056640625 -3266.08325195312 -3186.83325195312 -3368.27783203125
-4370.52783203125 -4320.08349609375 -4213.77783203125 -4334.83349609375 -4424.3056640625 -4368.52783203125 -4239.66650390625 -4155.6943359375 -4219.33349609375 -4267.611328125 -4261.27783203125 -4236.5 -4189.08349609375 -4132.83349609375 -4109.16650390625 -4147.97216796875 -4188.66650390625 -4168.27783203125 -4040.75 -3945.88891601562 -3927.4443359375 -3951.6943359375 -3994.33325195312 -3997.88891601562 -3849.63891601562 -3613.6943359375 -3653.16674804688 -3925.86108398438 -3890.08325195312 -3707.0556640625 -3594.4443359375 -3601.77783203125 -3654.88891601562 -3642.97216796875 -3592.83325195312 -3495.33325195312 -3495.72216796875 -3674.52783203125 -3642.61108398438 -3581.6943359375 -3704.22216796875 -3634.0556640625 -3486.91674804688 -3372.66674804688 -3349.77783203125 -3322.97216796875
-4494.361328125 -4504.16650390625 -4370.3056640625 -4353.25 -4396.83349609375 -4363.9443359375 -4221.0556640625 -4156.77783203125 -4227.3056640625 -4239.75 -4245.83349609375 -4321.111328125 -4366.4443359375 -4354.16650390625 -4278.58349609375 -4244.91650390625 -4247.41650390625 -4224.22216796875 -4198.52783203125 -4149.638671875 -4165.0556640625 -4139.16650390625 -4003.5 -3779.5556640625 -3393.58325195312 -3118.6943359375 -3383.36108398438 -3871.77783203125 -3956.41674804688 -3770.1943359375 -3797.97216796875 -3854.91674804688 -3720.66674804688 -3658.66674804688 -3670.77783203125 -3682.22216796875 -3692.36108398438 -3723.77783203125 -3745.83325195312 -3696.08325195312 -3613.13891601562 -3538.8056640625 -3540.02783203125 -3610.33325195312 -3703.72216796875 -3557.25
-4442.888671875 -4464.22216796875 -4422.611328125 -4336.41650390625 -4259.52783203125 -4242.91650390625 -4193.0556640625 -4258.58349609375 -4326.9443359375 -4111.72216796875 -4015.13891601562 -4307.9443359375 -4476.888671875 -4547.361328125 -4544.91650390625 -4437.6943359375 -4359.41650390625 -4339.888671875 -4360.861328125 -4420.611328125 -4404.75 -3952.41674804688 -3145.5556640625 -2446.63891601562 -2317.83325195312 -2690.77783203125 -3525.3056640625 -4049.4443359375 -4046.16674804688 -3882.0556640625 -3843.75 -3831.9443359375 -3742 -3721.72216796875 -3728.41674804688 -3738.77783203125 -3763.33325195312 -3751.58325195312 -3801.91674804688 -3754.9443359375 -3656.91674804688 -3657.5 -3682.25 -3735.33325195312 -3765.9443359375 -3690.86108398438
-4367.4443359375 -4412.3056640625 -4375.27783203125 -4270.52783203125 -4225.8056640625 -4259.27783203125 -4223.111328125 -4240.3056640625 -4276.6943359375 -4126.27783203125 -4073.6943359375 -4270.1943359375 -4277 -3922.52783203125 -3991.8056640625 -4089.66674804688 -4175.25 -4125.9443359375 -4106.08349609375 -4142.47216796875 -3878.91674804688 -3087.75 -2441.83325195312 -2299.16674804688 -2660.75 -3547.27783203125 -4014.0556640625 -4032.02783203125 -3987.86108398438 -3958.63891601562 -3920.83325195312 -3881.27783203125 -3867 -3880.33325195312 -3788.9443359375 -3735.61108398438 -3736.3056640625 -3748.52783203125 -3856.08325195312 -3816.6943359375 -3741.33325195312 -3756.83325195312 -3769.0556640625 -3741.91674804688 -3764.47216796875 -3730.11108398438
-4340.22216796875 -4237.861328125 -4120.861328125 -4107.138671875 -4154.58349609375 -4228.41650390625 -4240.361328125 -4199.27783203125 -4223.22216796875 -4313.33349609375 -4358.08349609375 -4298.6943359375 -4166.33349609375 -3991.61108398438 -4177.66650390625 -4369.388671875 -4182.66650390625 -4019.22216796875 -4166.66650390625 -4250.27783203125 -4046.5 -3804.3056640625 -3773.25 -3922.97216796875 -4096.77783203125 -4138.361328125 -4045.08325195312 -4022.02783203125 -4051.75 -4019.6943359375 -3937.9443359375 -3878.38891601562 -3867.13891601562 -3912.4443359375 -3931.61108398438 -3950.86108398438 -3908.52783203125 -3914.1943359375 -4019.38891601562 -4015.08325195312 -3835.02783203125 -3777.6943359375 -3864.41674804688 -3842.63891601562 -3772.86108398438 -3737.27783203125
-4238.47216796875 -4125.6943359375 -4103.888671875 -4094.8056640625 -3975.41674804688 -3986.36108398438 -4146.5556640625 -4132.138671875 -4113.02783203125 -4282.97216796875 -4368.52783203125 -4257.5556640625 -4195.3056640625 -4258.27783203125 -4382.4443359375 -4391.9443359375 -4343.861328125 -4340.66650390625 -4414.0556640625 -4474.02783203125 -4478.58349609375 -4430.861328125 -4378.77783203125 -4346.1943359375 -4268.388671875 -4132 -4067.58325195312 -4075.77783203125 -4053.88891601562 -4061.33325195312 -4072.63891601562 -4045.97216796875 -3964.41674804688 -3941.91674804688 -4002.88891601562 -4037.13891601562 -4010.11108398438 -3907.97216796875 -3875.11108398438 -3940.8056640625 -3937.4443359375 -3918.41674804688 -3844.88891601562 -3746.9443359375 -3743.27783203125 -3814.63891601562
-4038.63891601562 -3975.97216796875 -4039.16674804688 -4184.08349609375 -4139.638671875 -4050.3056640625 -4106.75 -4163.361328125 -4148.83349609375 -4181.41650390625 -4289.41650390625 -4230.5556640625 -4155.888671875 -4196.4443359375 -4238.02783203125 -4295.58349609375 -4317.9443359375 -4233.3056640625 -4168 -4227.388671875 -4302.47216796875 -4298.58349609375 -4218.6943359375 -4244.27783203125 -4319.1943359375 -4186.27783203125 -4086.0556640625 -4104.72216796875 -4091.33325195312 -4081.4443359375 -4067.86108398438 -4068.0556640625 -4071.4443359375 -4107.611328125 -4082.5556640625 -4044.22216796875 -4043.97216796875 -3978.41674804688 -3967.88891601562 -3998.08325195312 -3938.72216796875 -3869.13891601562 -3846.02783203125 -3820.02783203125 -3820.27783203125 -3854.08325195312
-4093.41674804688 -4007.58325195312 -4081.75 -4232.27783203125 -4249.388671875 -4200.861328125 -4205.1943359375 -4257.4443359375 -4289 -4268.3056640625 -4248.25 -4229.58349609375 -4287.861328125 -4307.861328125 -4223.41650390625 -4237.8056640625 -4319.9443359375 -4314.66650390625 -4182.83349609375 -4147.66650390625 -4173.41650390625 -4237.3056640625 -4197.8056640625 -4185.41650390625 -4282.52783203125 -4223.611328125 -4135.25 -4129.72216796875 -4160.3056640625 -4173.91650390625 -4140.22216796875 -4095.0556640625 -4133.861328125 -4215.388671875 -4155.27783203125 -4070.61108398438 -4052.3056640625 -4071.88891601562 -4042.36108398438 -3985.58325195312 -3966.83325195312 -3973.97216796875 -3954.83325195312 -3912.61108398438 -3869.4443359375 -3794.36108398438
-4147.91650390625 -4178.111328125 -4260.41650390625 -4302.97216796875 -4284 -4309.47216796875 -4319.3056640625 -4303.66650390625 -4354.41650390625 -4364.111328125 -4269.33349609375 -4276.41650390625 -4337.08349609375 -4243.138671875 -4196.9443359375 -4221.9443359375 -4224.27783203125 -4232.77783203125 -4086.5 -4086.16674804688 -4193.861328125 -4197.66650390625 -4126.6943359375 -4126.6943359375 -4172.97216796875 -4141.08349609375 -4152.638671875 -4214.25 -4216.6943359375 -4166.75 -4146.66650390625 -4114.08349609375 -4101.97216796875 -4109.888671875 -4096.91650390625 -4085.13891601562 -4063.08325195312 -4040.02783203125 -3995.63891601562 -4002.4443359375 -4026.91674804688 -4032.88891601562 -3979.9443359375 -3969.83325195312 -3953.88891601562 -3699.75
-4118.08349609375 -4228.4443359375 -4277.611328125 -4290.138671875 -4315.33349609375 -4328.97216796875 -4279.22216796875 -4253.9443359375 -4359.72216796875 -4399.1943359375 -4350.861328125 -4301.361328125 -4233.111328125 -4189.27783203125 -4201.22216796875 -4188.3056640625 -4208.16650390625 -4202.361328125 -4055.41674804688 -4089.52783203125 -4180.52783203125 -4167.52783203125 -4151.388671875 -4146.5 -4161.361328125 -4152.861328125 -4138.47216796875 -4115.16650390625 -4089.86108398438 -4098.1943359375 -4135.72216796875 -4105.47216796875 -4072.36108398438 -4101.08349609375 -4102.3056640625 -4031.36108398438 -3982.3056640625 -3995.4443359375 -3959.8056640625 -4015.91674804688 -3978.9443359375 -3970.97216796875 -3919.02783203125 -3789.52783203125 -3699.1943359375 -3462.8056640625
-3891.0556640625 -3953.11108398438 -3984.6943359375 -4079.66674804688 -4146.861328125 -4146.361328125 -4146.138671875 -4207.861328125 -4284.3056640625 -4333.111328125 -4293.5556640625 -4183.58349609375 -4125.6943359375 -4127.72216796875 -4123.41650390625 -4109.861328125 -4129.138671875 -4174.5556640625 -4213.33349609375 -4203.638671875 -4150.611328125 -4106.8056640625 -4125.3056640625 -4158.77783203125 -4139.361328125 -4139.66650390625 -4161.388671875 -4146.27783203125 -4109.638671875 -4095.4443359375 -4098.33349609375 -4053.97216796875 -3986.1943359375 -3994.75 -4030.86108398438 -4055.33325195312 -4064.22216796875 -4048.97216796875 -4018.4443359375 -4084.91674804688 -3950.72216796875 -3771.0556640625 -3667.22216796875 -3521.88891601562 -3283.8056640625 -3083.4443359375
